$ANSIBLE_VAULT;1.1;AES256
62663463396639663736326436306434343035386332383834313637313737336630626261356638
3933623535323337393164316637353138326237313064340a636634346538656161663739303463
36653930373636643439633766613963316532623835656431623965323139333764373533653366
3737393836343061380a366135383031393032616437643539366531336235623535356164373064
30356437346664373739323432393431633865653063333761356464323363663638366161646235
65653736396638306539356439626438666434326539383062343765373764363533396466646238
32316532383966623737613033656532373532313133613839653334356564393861346365623161
33333738353630323032343266616437386532353634303263653365303536373666393338303466
35333436313364383234333434373135633630616130313438373162623565376635363933613232
33666333346230333331313939623466653537623263643533396132333937363934333165363533
31656439626130323637643363326663616438653833663234313933623638666665303166353037
62656634666363333866656663343764383733623233353639383461313563363238323530653361
62343039323134363866386439636533376565343032653366613939376434346661626331336664
61623933623733613332356435356363383631663163343662333331623264396133643363623337
30643032383739376666376533343134636665323365393535383638363463613864316235643364
35353839646566316530353166363736333230643563393133393662303935316366656634383434
33633630663632623331386337396432386236366464636531353536343136303930636363363962
36353465633335653537653464303932376439393735386337613464373134373138346634313631
34333635366131373534646363346564333262313037336635663532323265376366356438646463
33383766396539373366616231313961653762663563333638616135623963343163373331623731
39353561363962363432396238343762623438656163633565303533616161653861376634303530
37643062373130653164343164663330343031376634613064653436353131393763346331643861
62323065383566656636383266316130303232383130326530356233366435633837313439363835
38633030396239313962393966363539303138333730666362383166656266356634373630643262
65666661343963386364616362666538653830663262653062653365393961616130613230633533
30316461303162326435643666633062316135393837323338393663306565326162343434346132
62393961383138373330363363386639323666653538326264623066323931643838363833383830
39333430353162393936656265333833353330336137353561306566343033613532666236393262
61363030646639383338356230636638366462366137353361316539656238316663643039663965
33623739623636353739626631393538613261306631663632366137633935343665356537333330
66346136316234653230653862313230633131616264363462356561383861393030383439393361
34343038333431393466616236336632663632313763346239316436656337343066386136306436
61346134393837633231643033373639616331343564353962313266333632383539343039306233
62313861353638353266663731316164636639383862306462376431656136306130653265386466
36646161313765326130353164393864373063623465643363666138653134333764636161303264
64306239303131376531636261356130643162393636373165653561356166343231633730633130
30623232393464333163353434353033623933613530353333373237363435633061326337376664
35333563373765376431653331613763313330303138633865636365383134376234396539653138
66636635363535633765373163333565393935333931346137363538356230396664346634333963
38313133636337396539366536396562633031393033306637376338323161373063616633633535
33313937313438306362306431643363343665366431623034626237633836633034636238396336
33326166633763313734643664373334643166313761646238393436653737333838333761613262
64336664623230346166643430666437656135373234643533306238333261393765303537626638
65623634373966333661663938366334313839613461653665666336613936336262333566393135
62313538356665373730393332356534303566323738336265323162316338646564353831643839
38383831373465393133623665316661336532643666316335336663656637393863383238613931
31376533613336626163373366646134376366616162303561396234336163613838386562653836
36336239623162396436306334333833303939396565333033613137303862623061663539336632
62666635616365343666363335366133326464643564393632313166303533333165376366646533
62356533653963626635366430383764653235633964326439306438393335343663633364666336
30396233323364303238373533303361653165316331323763393031356538613239623131363832
33313039616430396361663637313766336531336436393264616162373837626133643238363063
61383831633930383434376530613565326532353635656663386362636162313438376363313266
35373237366435383263363363383030373739616431316635613561616163643033396131343362
64643630623463643962306232623737643231653238303530343133306535396565626563396466
62316566356133303331643863323332613263646434623539306138316662643034643665616164
35373534613066373731396635323234333030613063356535333338363436623233316633366135
38633137336562303234306531326266313338643265356334656237306235653065646266623636
64653364623231663030346332373264376638333830613933643831333430346334633963656536
62613435373935343334613763336430643533636661616136336265316663353063633736393731
64666165653162313061643666333935643232663866636335666234633832366465356236363534
61663735623064623235643539333037393337663764303261373133363863353534646337363637
63343030646139643161316466633364643438653338653762623165383163643538393537393835
31396330653032343764323239376530316439306235396362333637336234623538303661316137
31376361366635363965333961316632323630623731393138613739346432373962393735613933
61326663326332363765653366666631396666653730643939653539613364356438653138643632
66316137636165316466313264613064323136616639663732363435653162666634343761353038
38646338353136356235626334353732303839663061346239363531323337616465636261306633
62373434396334633665303664376662366365633233313661643039363862353630653939356364
65626163366431323237663038616566383939373364626334363436646532336164376135326631
38613166636637363062353935636339663265353364316663383031613564393263336636656664
62666234343735613864636366626531383962666431623561346435616332616538376461313565
36323935663165636666366138326263616461363266356538326131376364326331633066623439
36386335663535653735643633383962313236643664633261663631363263363535383337396635
62656362353633306266656239613237303864383832373531616663333731643665376664353639
32303430303130373461393365393438303938303031316132656261656239613464356332613366
63303462363565636561346234643631333466613935373036363335613466373631333237363064
32653430373366616337616164616539303562646464646138356239333665626638623162613238
35643064623134313733396161646562653061303939623033653564303961623738366364656637
61626635666637663831613137373166313230373164646261353962313266326163363465383337
32663362623737333633396430623839626534653334353966306463373966646134313931646435
34353433623261626438383039663636363366663064623134383736633839636436633930323665
35363934393866303430643335333962656336386130326563303235313132623431376430303133
61323264323230356438373333616461356134343034336130326439313335626465623630666466
38353130636261663432373232383461383938613634653331373732383533363230636166333737
39393731643736306338643666623037383236393664663561313835356266366339316133366362
34616430623738383563336233333566623661316531623330623362356535623661363535383137
64336135653564613837613166386138333433366566666533306162653966636266326539643466
66363561653832366262346138323764613830326538383838636133346365656231346364393339
36346261633432366637323633333335653761376133646365316565303238303862343630646438
32333437616163633264333139346132653839623339646530326435363564323839313263343134
33366261316461343139353261376334633137386562323334663033356662396138656435656461
61353134376633616331646361626331396239373761323432346538306532383136616332386261
35393562626337356132396334396536343533316435356639363261313831343632623633666435
31323964376137663364393166623561646565386334633430633661623437316364656337633139
30343466366637303931663164663261663034333738633466636564373937336361303138373135
33373231306130616537326335343436356431663366663462393864383331633138613464633636
35643336626337316239346432616436633461633431663863306539636432353463393734646537
37343931323739616134363633633765343265613933313363663064353462623163326366303662
65656262326134363035323533303830323136666561646665323538653236363638363566356665
31346236313333636534333430373137623834623038303834653134313561333837653432393235
36313961383564313930353430633062363231303532623230623561323265653433343732386237
30616165663134656566306236306135393636393439623538383461346331326262346530333531
33306431313965363433386261613936626431613937396437626563336364316131616336656238
65663136353139373339336664323461303466336261653037643833363031336239306131343732
62306630393839363662643361646635303130313761383861626231663965306637623634636166
66653839366565646434316438363734366538616263346137643835373534386537393666393237
64653336393533653832666530613232356131303132353862323138636338306665626234643336
63373237646163333537623630386162363838313834343833386234356639626264393732333235
64633833653134636539333361356166623861663431356635646634613963636366646133366139
61363137393831333430623165303534366663656464363132373266393366343063353231373965
35383564383630346666376333313937336363376639353232323062383964383539613564383364
35636662656562356236353637356638386361366632393163346133643466313266313761626134
66343330313531633732626234643866363562323465353633356634313536303538633666663138
33323635386362323461636631666132613630373135333739363933353364393566373237313430
32666132356236373936643666343965373035313162613234656462633233313334666538353034
33313230616565346238333366396639363563656362663837353965663162356133663164346639
38636461326334333863653362623537366135663539363161366232663639313165303533353538
31366531356265316563303932613533633233663335333632626535343232396434636637653565
31656533653036646534326535346364633939306532653031316434656330613530356263316165
34623336646164666139393430316164303538656333396131616336323263623832353265623136
31346366356638626232313162626130316634343336616564326661323038663561323361303761
66643662363537333665353437636137383039653165613935366239643066353465353066326230
37336366316665653661623265356136313062363739303637656466666439313334663030303434
32396264393765663562646664623631326238386234333430393765393335333938353434333665
34363838323737353839633363366162366337663166633830643939353831633730616463303562
37306532633464323131326261653835633630396437643362313036386135653665353664303262
66656661663839653433616366623134623462306335303539383636623834653632613765363462
39303038396237363465656433376337383737653930333531333237613437623330393431636638
31346235336430313233353337636134666133383538346430383135306165306133396266343935
33323830383232383862303264386433653738383463383236383666353331623964343437623134
65666233666462363234393935363262353835363761313064383564376334383839343637353133
32363430353637363935643232323432313238666231323532643132656337613864366337386332
34336131343465333037386131663035386263356131306331663130316136393939396534613565
61373239346536373861343330663032653466316364613735633361666265336431356637376134
61616537626466303864366233356637626531313766366634663733633764393539386430626262
38333232356164333135623964646439356133656566326238656133316666396164613665336533
63666635326130346234636261316338376165313230343539303538663437336139353265613931
63623137343465396265323036343832636130383239393134316433313439346330623165353430
64366334636464393136623137336666646338626630383063353865613530323631386462373536
61383931383965306466633631396462383862366530323538613533643930666130393933363462
37343932313162646163383665303565623666626635333438306133633531323131646531383064
63656137313430383162653932373439303231336362623435666466663362313833616330323038
61646263326535343231393965363361623935366133363331366438373862376133316436353232
38363033366530386333633631383061343839373437616435373139666433383238666363373966
63356562636539323032626434613461613733653432373936363566396665616434626163653866
30326161313231363961396131366131633334373964363937316264623531643234316461373634
37383863383365343434646539313833616162653533326131393162313663313334653761653066
64613564663033623562376232666639366264343238643838663264616136323466663834383034
32396331323339376139383230366238353139353633383532346263623038666463363935373235
63393736336135633464343663656465336532373265643565656436343035356137396463376664
61366638323735623761643965376338643432393034623137623437313161363139333965623431
33666432633637636665616636323132396232636636373938346564383263393631353831616437
33393637353037313131326661326361356662376137643738326135643334643637353962323937
30653437633664656431663938323430313332383835643838626134373337663136343162353432
37333865336534643034616430313265636338633761626664653230303366623231323934326165
33313364303664363737646130393532656164323634393032623834326530373838653964353137
39636464303765623831306664383738363566396238616638306664326332326666313032656331
66313631303236333064316537646132396334383535363963306365323963393430616433616238
38373231373765633633643430613164396136636536353434373164643363613761323765386365
61313636396135666233326330346534326336393331343665613034626536356330643461383637
30643834353965633334346635393462363632613332303565323237386262376433313731343037
30336564366266313265643637343466646137303636653533663065336364393662646330653164
66646636383738363030306334636562666134333362306334306531626366303337383239306133
31343861366330333665323536333563663936653635386132386238376236333830336230353435
65393762313161643163663633643163623566366264323638663834336430643463383563393331
63343861656565306361326366356564656438356630326565653935386334653638313937386639
62656439366266336237303432386339613237366638343934396636383634663738353033633233
61613132653764643030653364373963386235646235346361623136646639633235333730633361
65613735303438663538383464363435383263633738363261653464366130623337333336323033
64643964356162343534636437646261326338353337666665623236643935323237383931393538
32303430613161393430616438613735356234373337313862633164316631623938643935306130
66383132363236333466613263663465393437353631336465323530393835636637646663346231
34666435306266626339353465343530666165663164366633393063323839633733306230623062
62643863353237666662376639613733626465346664373036343031393161653666346334646535
38373663633531333739653363633764303239653236336466633363636132323732313064366664
31663661386535633939626362316464336434346636666332396631336538303836366665663531
34653936363234666535336134363063373562376265313637303737636161353662623263626163
39343139643363643330396131636138333033626666653430356132663663663831613865333064
63636561306334653633373566346334656231346436656562336562333234646162633931393134
35303536656164633062346266633564663666616333633737653233646237653030343138306434
63336234636338313239343537313430623863633531336435373639663031666139633731666239
66396532623437396463333862646261646432316332623130666331613131373064653962626139
35616538366234613564323430646661326235343535613364363435303430346435353162633366
61636661646566613063643963656462666463363831626437636663373131633034653236356439
37613061396564636566623434623966346136323466333837323432666562343339666662616530
63626137633831613833333439393839616264353731366138656535653261316236353239663030
65336334386663613062333965386164646233373463353630653032613234343339343630303238
31616164396138646332323666643831326461316463323339323164616638656565336632346266
31633230663336383535623033613637306634613937643362613165636265613265626538306561
33326330303236653664663466666430623731353330353833633738666533333535663331306434
31336135376432343333613262303463393635323338366266353665383730643932386132363664
61646363393764663534333065346439313333653163323830633937633466306362346663666237
62613436313930393733343436633038636139613434666664373939346237313866386530383065
64306331616133343763356466303035643230646365313834313662333763323661366431396632
64613736326264386561363735326636653036363235666564383562313130653865666263303432
66366433383263393361323639333237633534303965323038353631336663303865656537306465
64313432373132356435313665386663333931396462646561323933383239316536343435373138
30346336396131356237626430396162303635616631636632616333643638343432613339633831
62323061353730613132346636616635336363383936333836613434323861666166396630383734
35636663356532303738346666333764393137323939616363376433386431313939376532306631
34363731313534366633336537353539363662386361353130643435383030643034613237616262
64663833343665373237376466626634656234393366303866343862346134303531373931613363
63373163633234326439376562626566333636396234326639653861626564636661646339373862
35376337303730396636373934383130336235636639616266376538353232363864353765356432
31333435396466323661613763663437646533633138333761323630626437303433343236303434
64343336366463393837656430383930613737343736616432613038336464306435393366633036
62656666613962383335666533623438643139353666646238366137383935376366616335646330
35346664313733643834303165663735313330386161653332323465343966656231633034343362
34333838343964323730356630613733333133353365653838386162663832643433616366363262
61643533386232646537346539613661653430373232343266353731663639313739306532373864
66623163646634616631343735366330396164366336343538326632646432353135613661633833
31303730663966656133663234356332306230646262363866626230633235373761393138366432
63343031326137666138393263313032353636616661363365613466613534663365656161613338
63326365663966653865363031636265643165383731623334333239356565663733613661363162
61393537366138313735616263613463303031383164353537633635616165363833653466656266
3861
